1536
000000000000f03f
0000000000000000
0000000000000000
000000000000f03f
0000000000000000
0000000000000000
00000000
f4ffffff  -12
00000000    0
70010000  368
76010000  374
06020000  518
12020000  530
ba020000  698
c6020000  710
ec020000  748
f8020000  760
f6020000  758
02030000  770
00000000    (13)
00000000    (14)
2cffffff -212  1
38ffffff -200  2
44010000  324  3
4a010000  330  4
00000000  5
00000000  6
00000000  7
00000000  8
00000000  9
00000000 10
00000000 1
00000000 2
00000000 3
00000000 4
00000000 5
00000000 6
00000000 7
00000000 8
00000000 9 
00000000 10
00000000 11 
00000000 12
00000000 13
00000000 14
00000000  1
00000000  2
00000000  3
00000000  4
00000000  5
00000000  6
00000000  7
00000000  8
00000000  9
00000000 10
7d3f355eba49a43f  0.039625 BlueScale
07000000    7  BlueShift
02000000    2  BlueFuzz
32000000   50  StemSnapH
60000000   96  StemSnapV
32000000   50  Stems H
36000000   54  Stems H
54000000   84  Stems H
43000000   67
58000000   88
00000000
00000000
00000000
00000000
00000000
00000000
00000000
60000000   96  Stems V
50000000   80  Stems V
6e000000  110  Stems V
00000000
00000000
00000000
00000000
00000000
00000000
00000000
00000000
00000000
fcfe  -260
02ff  -254
d404  1236
6804  1128
00000000
00000000
00000000
0c030000  = 780, ascender
24ffffff  = -220, descender
06020000  = 518, x-height
bb020000  = 699, cap-height

94 56 FF 7C 25 A2 70 57 8B  [9, -53, 2082841200, -52, 0]
94 56 FF 7C 26 F3 F0 57 8B  [9, -53, 2082927600, -52, 0]
